version https://git-lfs.github.com/spec/v1
oid sha256:f651cc388e3692a06d78ee9c6e1383df800dfc23eed830ce51393e5a7d087f1d
size 249371
